1111111111111111111      111     111   11111111111111111111
11              111   111      11      111              111
11   111111111  111   111      11      111   111111111  111
11   111111111  111      111           111   111111111  111
11   111111111  111      111           111   111111111  111
11   111111111  111   111      11      111   111111111  111
11   111111111  111   111      11      111   111111111  111
11   111111111  111         111  111   111   111111111  111
11   111111111  111   111111111  111   111   111111111  111
11              111   111111111  111   111              111
1111111111111111111   111   111  111   11111111111111111111
1111111111111111111   111   111  111   11111111111111111111
                            11111111                        Program - You live in the digital
                            11111111                         - Able to use items into the digital world
11111111111111  111111111111   11   111   111   111   11     - Able to use recall goto and debug
11111111111111  111111111111   11   111   111   111   11     - Get free, there is more to life that this
11111      111        111   111              111   11111111  - Works well with: Agent, Architect, Monster
  111           111      111   11111   111         111
  111           111      111   11111   111         111
        111   11               11   111      11111111111111
        111   11               11   111      11111111111111
11      11111111111         11111   111111111               
11      11111111111         11111   111111111               
                      111111           111   111111     111
                      111111           111   111111     111
1111111111111111111   111   11111111      111   11111111    
1111111111111111111   111   11111111      111   11111111    
11              111            11   111   111   111111  111
11   111111111  111   111        111111111      111   11111
11   111111111  111   111        111111111      111   11111
11   111111111  111   111111111        111   111   111      
11   111111111  111   111111111        111   111   111      
11   111111111  111   111111   11111   111         111      
11   111111111  111   111111   11111   111         111      
11              111   111111                    111111      
11              111   111111                    111111      
1111111111111111111   111111   11      111      111   11    
1111111111111111111   111111   11      111      111   11    